Regalia of Dominion:
01 00 00 00
00 00 00 00
52 65 67 61 6C 69 61 20 6F 66 20 44 6F 6D 69 6E 69 6F 6E 00
32 00 00 00
FF FF FF FF
00 00 00 00
00 00 00 00
01 00 00 00
00 00 00 00
0F 00 00 00
DB 0B 00 00 FE FF FF FF 00 00 00 00 .. 00


Overlord's Helm
01 00 00 00
00 00 00 00
4F 76 65 72 6C 6F 72 64 27 73 20 48 65 6C 6D 00
20 00 00 00
EE 02 00 00
00 00 00 00
00 00 00 00
01 00 00 00
00 00 00 00
03 00 00 00
EB 03 00 00 FE FF FF FF 0A 00 00 00
EC 03 00 00 FE FF FF FF 0A 00 00 00
EF 03 00 00 FE FF FF FF 0A 00 00 00
F0 03 00 00 FE FF FF FF 0A 00 00 00
F2 03 00 00 FE FF FF FF 0A 00 00 00
E0 07 00 00 FE FF FF FF 50 00 00 00 .. 00


Devil's Helm
01 00 00 00
00 00 00 00
44 65 76 69 6C 27 73 20 48 65 6C 6D 00
21 00 00 00
9A 02 00 00
00 00 00 00
00 00 00 00
01 00 00 00
00 00 00 00
03 00 00 00
EB 03 00 00 FE FF FF FF 10 00 00 00
EC 03 00 00 FE FF FF FF FA FF FF FF
EE 03 00 00 FE FF FF FF 10 00 00 00
DD 07 00 00 FE FF FF FF 42 00 00 00
E0 07 00 00 FE FF FF FF 42 00 00 00
CD 0B 00 00 FE FF FF FF 00 00 00 00
CE 0B 00 00 FE FF FF FF 00 00 00 00
CF 0B 00 00 FE FF FF FF 00 00 00 00 .. 00












Tahl Asel:
01 00 00 00
01 00 00 00
54 61 68 6C 20 41 73 65 6C 00
1D 00 00 00
8C 00 00 00
00 00 00 00
00 00 00 00
01 00 00 00
00 00 00 00
01 00 00 00
DD 07 00 00 FE FF FF FF 78 00 00 00
D2 0B 00 00 FE FF FF FF 00 00 00 00 .. 00














Merry Roper's Ale Bottle:
01 00 00 00
03 00 00 00
4D 65 72 72 79 20 52 6F 70 65 72 27 73 20 41 6C 65 20 42 6F 74 74 6C 65 00
33 00 00 00
FF FF FF FF
00 00 00 00
00 00 00 00
01 00 00 00
00 00 00 00
0F 00 00 00
DC 0B 00 00 FE FF FF FF 00 00 00 00
00 00 00 00 FE FF FF FF 00 00 00 00 .. 00


Endless Purse of Gold:
01 00 00 00
03 00 00 00
45 6E 64 6C 65 73 73 20 50 75 72 73 65 20 6F 66 20 47 6F 6C 64 00
12 00 00 00
11 00 00 00
00 00 00 00
00 00 00 00
01 00 00 00
00 00 00 00
0F 00 00 00
02 00 00 00 FF FF FF FF 0A 00 00 00 .. 00


Cloak of Invisibility:
01 00 00 00
02 00 00 00
43 6C 6F 61 6B 20 6F 66 20 49 6E 76 69 73 69 62 69 6C 69 74 79 00
13 00 00 00
05 00 00 00
00 00 00 00
00 00 00 00
01 00 00 00
00 00 00 00
0F 00 00 00
D1 0B 00 00 FF FF FF FF 00 00 00 00 .. 00


Vahn's Amulet:
01 00 00 00
03 00 00 00
56 61 68 6E 27 73 20 41 6D 75 6C 65 74 00
14 00 00 00
21 00 00 00
00 00 00 00
00 00 00 00
01 00 00 00
00 00 00 00
0F 00 00 00
DF 07 00 00 FE FF FF FF E8 03 00 00 .. 00


Juleck's Amulet
01 00 00 00
03 00 00 00
4A 75 6C 65 63 6B 27 73 20 41 6D 75 6C 65 74 00
16 00 00 00
16 00 00 00
00 00 00 00
00 00 00 00
01 00 00 00
00 00 00 00
0F 00 00 00
DF 07 00 00 FE FF FF FF 58 02 00 00 .. 00


Healing Potion
01 00 00 00
03 00 00 00
48 65 61 6C 69 6E 67 20 50 6F 74 69 6F 6E 00
18 00 00 00
05 00 00 00
00 00 00 00
00 00 00 00
01 00 00 00
00 00 00 00
0F 00 00 00
D5 0B 00 00 FF FF FF FF 00 00 00 00 .. 00